0.000000 0.000000 0.000000 0.000000 0.000000 0.000000 0.000000 0.000000 0.000000 0.000000 0.000000 0.000000 0.000000 0.000000 0.000000 0.000000 0.000000 0.000000 0.000000 0.000000 0.000000 0.000000 0.000000 0.000000 0.000000 0.000000 0.000000 0.000000 0.000000 0.000000 0.000000 0.000000 0.000000 0.000000 
0.000000 0.000000 0.000000 0.000000 0.000000 0.000000 0.000000 0.000000 0.000000 0.000000 0.000000 0.000000 0.000000 0.000000 0.000000 0.000000 0.000000 0.000000 0.000000 0.000000 0.000000 0.000000 0.000000 0.000000 0.000000 0.000000 0.000000 0.000000 0.000000 0.000000 0.000000 0.000000 0.000000 0.000000 
0.000000 0.000000 0.000000 0.000000 0.000000 0.000000 0.000000 0.000000 0.000000 0.000000 0.000000 0.000000 0.000000 0.000000 0.000000 0.000000 0.000000 0.000000 0.000000 0.000000 0.000000 0.000000 0.000000 0.000000 0.000000 0.000000 0.000000 0.000000 0.000000 0.000000 0.000000 0.000000 0.000000 0.000000 
0.000000 0.000000 0.000000 0.000000 0.000000 0.000000 0.000000 0.000000 0.000000 0.000000 0.000000 0.000000 0.000000 0.000000 0.000000 0.000000 0.000000 0.000000 0.000000 0.000000 0.000000 0.000000 0.000000 0.000000 0.000000 0.000000 0.000000 0.000000 0.000000 0.000000 0.000000 0.000000 0.000000 0.000000 
0.000000 0.000000 0.000000 0.000000 0.000000 0.000000 0.000000 0.000000 0.000000 0.000000 0.000000 0.000000 0.000000 0.000000 0.000000 0.000000 0.000000 0.000000 0.000000 0.000000 0.000000 0.000000 0.000000 0.000000 0.000000 0.000000 0.000000 0.000000 0.000000 0.000000 0.000000 0.000000 0.000000 0.000000 
0.000000 0.000000 0.000000 0.000000 0.000000 0.000000 0.000000 0.000000 0.000000 0.000000 0.000000 0.000000 0.000000 0.000000 0.000000 0.000000 0.000000 0.000000 0.000000 0.000000 0.000000 0.000000 0.000000 0.000000 0.000000 0.000000 0.000000 0.000000 0.000000 0.000000 0.000000 0.000000 0.000000 0.000000 
0.000000 0.000000 0.000000 0.000000 0.000000 0.000000 0.000000 0.000000 0.000000 0.000000 0.000000 0.000000 0.000000 0.000000 0.000000 0.000000 0.000000 0.000000 0.000000 0.000000 0.000000 0.000000 0.000000 0.000000 0.000000 0.000000 0.000000 0.000000 0.000000 0.000000 0.000000 0.000000 0.000000 0.000000 
0.000000 0.000000 0.000000 0.000000 0.000000 0.000000 0.000000 0.000000 0.000000 0.000000 0.000000 0.000000 0.000000 0.000000 0.000000 0.000000 0.000000 0.000000 0.000000 0.000000 0.000000 0.000000 0.000000 0.000000 0.000000 0.000000 0.000000 0.000000 0.000000 0.000000 0.000000 0.000000 0.000000 0.000000 
0.000000 0.000000 0.000000 0.000000 0.000000 0.000000 0.000000 0.000000 0.000000 0.000000 0.000000 0.000000 0.000000 0.000000 0.000000 0.000000 0.000000 0.000000 0.000000 0.000000 0.000000 0.000000 0.000000 0.000000 0.000000 0.000000 0.000000 0.000000 0.000000 0.000000 0.000000 0.000000 0.000000 0.000000 
0.000000 0.000000 0.000000 0.000000 0.000000 0.000000 0.000000 0.000000 0.000000 0.000000 0.000000 0.000000 0.000000 0.000000 0.000000 0.000000 0.000000 0.000000 0.000000 0.000000 0.000000 0.000000 0.000000 0.000000 0.000000 0.000000 0.000000 0.000000 0.000000 0.000000 0.000000 0.000000 0.000000 0.000000 
0.000000 0.000000 0.000000 0.000000 0.000000 0.000000 0.000000 0.000000 0.000000 0.000000 0.000000 0.000000 0.000000 0.000000 0.000000 0.000000 0.000000 0.000000 0.000000 0.000000 0.000000 0.000000 0.000000 0.000000 0.000000 0.000000 0.000000 0.000000 0.000000 0.000000 0.000000 0.000000 0.000000 0.000000 
0.000000 0.000000 0.000000 0.000000 0.000000 0.000000 0.000000 0.000000 0.000000 0.000000 0.000000 0.000000 0.000000 0.000000 0.000000 0.000000 0.000000 0.000000 0.000000 0.000000 0.000000 0.000000 0.000000 0.000000 0.000000 0.000000 0.000000 0.000000 0.000000 0.000000 0.000000 0.000000 0.000000 0.000000 
0.000000 0.000000 0.000000 0.000000 0.000000 0.000000 0.000000 0.000000 0.000000 0.000000 0.000000 0.000000 0.000000 0.000000 0.000000 0.000000 0.000000 0.000000 0.000000 0.000000 0.000000 0.000000 0.000000 0.000000 0.000000 0.000000 0.000000 0.000000 0.000000 0.000000 0.000000 0.000000 0.000000 0.000000 
0.000000 0.000000 0.000000 0.000000 0.000000 0.000000 0.000000 0.000000 0.000000 0.000000 0.000000 0.000000 0.000000 0.000000 0.000000 0.000000 0.000000 0.000000 0.000000 0.000000 0.000000 0.000000 0.000000 0.000000 0.000000 0.000000 0.000000 0.000000 0.000000 0.000000 0.000000 0.000000 0.000000 0.000000 
0.000000 0.000000 0.000000 0.000000 0.000000 0.000000 0.000000 0.000000 0.000000 0.000000 0.000000 0.000000 0.000000 0.000000 0.000000 0.000000 0.000000 0.000000 0.000000 0.000000 0.000000 0.000000 0.000000 0.000000 0.000000 0.000000 0.000000 0.000000 0.000000 0.000000 0.000000 0.000000 0.000000 0.000000 
0.000000 0.000000 0.000000 0.000000 0.000000 0.000000 0.000000 0.000000 0.000000 0.000000 0.000000 0.000000 0.000000 0.000000 0.000000 0.000000 0.000000 0.000000 0.000000 0.000000 0.000000 0.000000 0.000000 0.000000 0.000000 0.000000 0.000000 0.000000 0.000000 0.000000 0.000000 0.000000 0.000000 0.000000 
0.000000 0.000000 0.000000 0.000000 0.000000 0.000000 0.000000 0.000000 0.000000 0.000000 0.000000 0.000000 0.000000 0.000000 0.000000 0.000000 0.000000 0.000000 0.000000 0.000000 0.000000 0.000000 0.000000 0.000000 0.000000 0.000000 0.000000 0.000000 0.000000 0.000000 0.000000 0.000000 0.000000 0.000000 
0.000000 0.000000 0.000000 0.000000 0.000000 0.000000 0.000000 0.000000 0.000000 0.000000 0.000000 0.000000 0.000000 0.000000 0.000000 0.000000 0.000000 0.000000 0.000000 0.000000 0.000000 0.000000 0.000000 0.000000 0.000000 0.000000 0.000000 0.000000 0.000000 0.000000 0.000000 0.000000 0.000000 0.000000 
0.000000 0.000000 0.000000 0.000000 0.000000 0.000000 0.000000 0.000000 0.000000 0.000000 0.000000 0.000000 0.000000 0.000000 0.000000 0.000000 0.000000 0.000000 0.000000 0.000000 0.000000 0.000000 0.000000 0.000000 0.000000 0.000000 0.000000 0.000000 0.000000 0.000000 0.000000 0.000000 0.000000 0.000000 
0.000000 0.000000 0.000000 0.000000 0.000000 0.000000 0.000000 0.000000 0.000000 0.000000 0.000000 0.000000 0.000000 0.000000 0.000000 0.000000 0.000000 0.000000 0.000000 0.000000 0.000000 0.000000 0.000000 0.000000 0.000000 0.000000 0.000000 0.000000 0.000000 0.000000 0.000000 0.000000 0.000000 0.000000 
0.000000 0.000000 0.000000 0.000000 0.000000 0.000000 0.000000 0.000000 0.000000 0.000000 0.000000 0.000000 0.000000 0.000000 0.000000 0.000000 0.000000 0.000000 0.000000 0.000000 0.000000 0.000000 0.000000 0.000000 0.000000 0.000000 0.000000 0.000000 0.000000 0.000000 0.000000 0.000000 0.000000 0.000000 
0.000000 0.000000 0.000000 0.000000 0.000000 0.000000 0.000000 0.000000 0.000000 0.000000 0.000000 0.000000 0.000000 0.000000 0.000000 0.000000 0.000000 0.000000 0.000000 0.000000 0.000000 0.000000 0.000000 0.000000 0.000000 0.000000 0.000000 0.000000 0.000000 0.000000 0.000000 0.000000 0.000000 0.000000 
0.000000 0.000000 0.000000 0.000000 0.000000 0.000000 0.000000 0.000000 0.000000 0.000000 0.000000 0.000000 0.000000 0.000000 0.000000 0.000000 0.000000 0.000000 0.000000 0.000000 0.000000 0.000000 0.000000 0.000000 0.000000 0.000000 0.000000 0.000000 0.000000 0.000000 0.000000 0.000000 0.000000 0.000000 
0.000000 0.000000 0.000000 0.000000 0.000000 0.000000 0.000000 0.000000 0.000000 0.000000 0.000000 0.000000 0.000000 0.000000 0.000000 0.000000 0.000000 0.000000 0.000000 0.000000 0.000000 0.000000 0.000000 0.000000 0.000000 0.000000 0.000000 0.000000 0.000000 0.000000 0.000000 0.000000 0.000000 0.000000 
0.000000 0.000000 0.000000 0.000000 0.000000 0.000000 0.000000 0.000000 0.000000 0.000000 0.000000 0.000000 0.000000 0.000000 0.000000 0.000000 0.000000 0.000000 0.000000 0.000000 0.000000 0.000000 0.000000 0.000000 0.000000 0.000000 0.000000 0.000000 0.000000 0.000000 0.000000 0.000000 0.000000 0.000000 
0.000000 0.000000 0.000000 0.000000 0.000000 0.000000 0.000000 0.000000 0.000000 0.000000 0.000000 0.000000 0.000000 0.000000 0.000000 0.000000 0.000000 0.000000 0.000000 0.000000 0.000000 0.000000 0.000000 0.000000 0.000000 0.000000 0.000000 0.000000 0.000000 0.000000 0.000000 0.000000 0.000000 0.000000 
0.000000 0.000000 0.000000 0.000000 0.000000 0.000000 0.000000 0.000000 0.000000 0.000000 0.000000 0.000000 0.000000 0.000000 0.000000 0.000000 0.000000 0.000000 0.000000 0.000000 0.000000 0.000000 0.000000 0.000000 0.000000 0.000000 0.000000 0.000000 0.000000 0.000000 0.000000 0.000000 0.000000 0.000000 
0.000000 0.000000 0.000000 0.000000 0.000000 0.000000 0.000000 0.000000 0.000000 0.000000 0.000000 0.000000 0.000000 0.000000 0.000000 0.000000 0.000000 0.000000 0.000000 0.000000 0.000000 0.000000 0.000000 0.000000 0.000000 0.000000 0.000000 0.000000 0.000000 0.000000 0.000000 0.000000 0.000000 0.000000 
0.000000 0.000000 0.000000 0.000000 0.000000 0.000000 0.000000 0.000000 0.000000 0.000000 0.000000 0.000000 0.000000 0.000000 0.000000 0.000000 0.000000 0.000000 0.000000 0.000000 0.000000 0.000000 0.000000 0.000000 0.000000 0.000000 0.000000 0.000000 0.000000 0.000000 0.000000 0.000000 0.000000 0.000000 
0.000000 0.000000 0.000000 0.000000 0.000000 0.000000 0.000000 0.000000 0.000000 0.000000 0.000000 0.000000 0.000000 0.000000 0.000000 0.000000 0.000000 0.000000 0.000000 0.000000 0.000000 0.000000 0.000000 0.000000 0.000000 0.000000 0.000000 0.000000 0.000000 0.000000 0.000000 0.000000 0.000000 0.000000 
0.000000 0.000000 0.000000 0.000000 0.000000 0.000000 0.000000 0.000000 0.000000 0.000000 0.000000 0.000000 0.000000 0.000000 0.000000 0.000000 0.000000 0.000000 0.000000 0.000000 0.000000 0.000000 0.000000 0.000000 0.000000 0.000000 0.000000 0.000000 0.000000 0.000000 0.000000 0.000000 0.000000 0.000000 
0.000000 0.000000 0.000000 0.000000 0.000000 0.000000 0.000000 0.000000 0.000000 0.000000 0.000000 0.000000 0.000000 0.000000 0.000000 0.000000 0.000000 0.000000 0.000000 0.000000 0.000000 0.000000 0.000000 0.000000 0.000000 0.000000 0.000000 0.000000 0.000000 0.000000 0.000000 0.000000 0.000000 0.000000 
0.000000 0.000000 0.000000 0.000000 0.000000 0.000000 0.000000 0.000000 0.000000 0.000000 0.000000 0.000000 0.000000 0.000000 0.000000 0.000000 0.000000 0.000000 0.000000 0.000000 0.000000 0.000000 0.000000 0.000000 0.000000 0.000000 0.000000 0.000000 0.000000 0.000000 0.000000 0.000000 0.000000 0.000000 
0.000000 0.000000 0.000000 0.000000 0.000000 0.000000 0.000000 0.000000 0.000000 0.000000 0.000000 0.000000 0.000000 0.000000 0.000000 0.000000 0.000000 0.000000 0.000000 0.000000 0.000000 0.000000 0.000000 0.000000 0.000000 0.000000 0.000000 0.000000 0.000000 0.000000 0.000000 0.000000 0.000000 0.000000 

0.000000 0.000000 0.000000 0.000000 0.000000 0.000000 0.000000 0.000000 0.000000 0.000000 0.000000 0.000000 0.000000 0.000000 0.000000 0.000000 0.000000 0.000000 0.000000 0.000000 0.000000 0.000000 0.000000 0.000000 0.000000 0.000000 0.000000 0.000000 0.000000 0.000000 0.000000 0.000000 0.000000 0.000000 
0.000000 0.066558 0.131723 0.194221 0.253003 0.307316 0.356739 0.401172 0.440796 0.476012 0.507357 0.535434 0.560835 0.584086 0.605605 0.625662 0.644357 0.661594 0.677052 0.690165 0.700096 0.705734 0.705703 0.698413 0.682150 0.655212 0.616091 0.563675 0.497461 0.417727 0.325643 0.223291 0.113571 0.000000 
0.000000 0.131723 0.260683 0.384356 0.500662 0.608110 0.705863 0.793722 0.872051 0.941640 1.003559 1.058998 1.109133 1.155008 1.197450 1.236999 1.273855 1.307827 1.338286 1.364111 1.383653 1.394716 1.394585 1.380119 1.347931 1.294661 1.217327 1.113736 0.982890 0.825339 0.643394 0.441168 0.224387 0.000000 
0.000000 0.194221 0.384356 0.566673 0.738097 0.896424 1.040415 1.169780 1.285052 1.387404 1.478415 1.559849 1.633443 1.700743 1.762973 1.820934 1.874925 1.924672 1.969253 2.007024 2.035565 2.051648 2.051285 2.029858 1.982393 1.903946 1.790139 1.637743 1.445294 1.213594 0.946044 0.648684 0.329932 0.000000 
0.000000 0.253003 0.500662 0.738097 0.961288 1.167351 1.354668 1.522858 1.672622 1.805492 1.923536 2.029060 2.124337 2.211391 2.291825 2.366692 2.436392 2.500577 2.558057 2.606707 2.643391 2.663928 2.663145 2.635058 2.573213 2.471203 2.323342 2.125447 1.875610 1.574877 1.227648 0.841761 0.428130 0.000000 
0.000000 0.307316 0.608110 0.896424 1.167351 1.417373 1.644513 1.848309 2.029617 2.190309 2.332908 2.460232 2.575058 2.679858 2.776593 2.866557 2.950248 3.027261 3.096169 3.154413 3.198211 3.222518 3.221090 3.186700 3.111556 2.987914 2.808911 2.569484 2.267334 1.903712 1.483937 1.017468 0.517491 0.000000 
0.000000 0.356739 0.705863 1.040415 1.354668 1.644513 1.907645 2.143524 2.353151 2.538713 2.703160 2.849780 2.981818 3.102166 3.213121 3.316200 3.412005 3.500085 3.578809 3.645239 3.695022 3.722349 3.720024 3.679721 3.592452 3.449295 3.242327 2.965717 2.616799 2.197020 1.712503 1.174155 0.597173 0.000000 
0.000000 0.401172 0.793722 1.169780 1.522858 1.848309 2.143524 2.407893 2.642552 2.849976 3.033507 3.196869 3.343739 3.477396 3.600445 3.714620 3.820622 3.917970 4.004866 4.078043 4.132658 4.162234 4.158754 4.112927 4.014732 3.854208 3.622521 3.313152 2.923132 2.454060 1.912770 1.311423 0.666975 0.000000 
0.000000 0.440796 0.872051 1.285052 1.672622 2.029617 2.353151 2.642552 2.899076 3.125467 3.325424 3.503070 3.662481 3.807289 3.940388 4.063715 4.178066 4.282952 4.376432 4.454970 4.513300 4.544384 4.539491 4.488514 4.380537 4.204718 3.951427 3.613566 3.187891 2.676145 2.085757 1.429974 0.727252 0.000000 
0.000000 0.476012 0.941640 1.387404 1.805492 2.190309 2.538713 2.849976 3.125467 3.368172 3.582120 3.771802 3.941654 4.095639 4.236916 4.367611 4.488622 4.599456 4.698067 4.780691 4.841714 4.873617 4.867076 4.811284 4.694573 4.505345 4.233306 3.870856 3.414525 2.866165 2.233723 1.531352 0.778792 0.000000 
0.000000 0.507357 1.003559 1.478415 1.923536 2.332908 2.703160 3.033507 3.325424 3.582120 3.807927 4.007673 4.186130 4.347561 4.495377 4.631879 4.758067 4.873458 4.975924 5.061517 5.124331 5.156450 5.148046 5.087730 4.963195 4.762215 4.473923 4.090307 3.607697 3.028045 2.359723 1.617658 0.822661 0.000000 
0.000000 0.535434 1.058998 1.559849 2.029060 2.460232 2.849780 3.196869 3.503070 3.771802 4.007673 4.215825 4.401340 4.568764 4.721738 4.862736 4.992852 5.111629 5.216875 5.304494 5.368341 5.400163 5.389716 5.325115 5.193523 4.982177 4.679738 4.277836 3.772641 3.166180 2.467190 1.691242 0.860057 0.000000 
0.000000 0.560835 1.109133 1.633443 2.124337 2.575058 2.981818 3.343739 3.662481 3.941654 4.186130 4.401340 4.592659 4.764894 4.921908 5.066335 5.199369 5.320580 5.427734 5.516615 5.580875 5.611985 5.599345 5.530655 5.392626 5.172046 4.857169 4.439330 3.914556 3.284945 2.559535 1.754448 0.892170 0.000000 
0.000000 0.584086 1.155008 1.700743 2.211391 2.679858 3.102166 3.477396 3.807289 4.095639 4.347561 4.568764 4.764894 4.941011 5.101182 5.248199 5.383353 5.506251 5.614627 5.704166 5.768355 5.798426 5.783477 5.710855 5.566886 5.337968 5.012016 4.580106 4.038146 3.388291 2.639844 1.809393 0.920079 0.000000 
0.000000 0.605605 1.197450 1.762973 2.291825 2.776593 3.213121 3.600445 3.940388 4.236916 4.495377 4.721738 4.921908 5.101182 5.263828 5.412787 5.549447 5.673454 5.782522 5.872257 5.936003 5.964787 5.947448 5.871026 5.721511 5.484971 5.149020 4.704515 4.147259 3.479460 2.710646 1.857811 0.944667 0.000000 
0.000000 0.625662 1.236999 1.820934 2.366692 2.866557 3.316200 3.714620 4.063715 4.367611 4.631879 4.862736 5.066335 5.248199 5.412787 5.563184 5.700875 5.825547 5.934903 6.024480 6.087502 6.114818 6.095038 6.014937 5.860211 5.616637 5.271567 4.815667 4.244650 3.560769 2.773751 1.900947 0.966566 0.000000 
0.000000 0.644357 1.273855 1.874925 2.436392 2.950248 3.412005 3.820622 4.178066 4.488622 4.758067 4.992852 5.199369 5.383353 5.549447 5.700875 5.839214 5.964196 6.073518 6.162663 6.224746 6.250464 6.228229 6.144579 5.984955 5.734878 5.381474 4.915237 4.331807 3.633475 2.830143 1.939477 0.986121 0.000000 
0.000000 0.661594 1.307827 1.924672 2.500577 3.027261 3.500085 3.917970 4.282952 4.599456 4.873458 5.111629 5.320580 5.506251 5.673454 5.825547 5.964196 6.089177 6.198190 6.286669 6.347643 6.371676 6.347006 6.259970 6.095790 5.839764 5.478822 5.003317 4.408820 3.697659 2.879890 1.973449 1.003358 0.000000 
0.000000 0.677052 1.338286 1.969253 2.558057 3.096169 3.578809 4.004866 4.376432 4.698067 4.975924 5.216875 5.427734 5.614627 5.782522 5.934903 6.073518 6.198190 6.306621 6.394216 6.453929 6.476217 6.449178 6.358981 6.190668 5.929354 5.561813 5.078275 4.474262 3.752133 2.922070 2.002233 1.017957 0.000000 
0.000000 0.690165 1.364111 2.007024 2.606707 3.154413 3.645239 4.078043 4.454970 4.780691 5.061517 5.304494 5.516615 5.704166 5.872257 6.024480 6.162663 6.286669 6.394216 6.480687 6.538986 6.559494 6.530204 6.437166 6.265286 5.999553 5.626618 5.136633 4.525079 3.794342 2.954697 2.024471 1.029227 0.000000 
0.000000 0.700096 1.383653 2.035565 2.643391 3.198211 3.695022 4.132658 4.513300 4.841714 5.124331 5.368341 5.580875 5.768355 5.936003 6.087502 6.224746 6.347643 6.453929 6.538986 6.595699 6.614406 6.583054 6.487626 6.312962 6.043980 5.667278 5.172961 4.556499 3.820291 2.974666 2.038037 1.036089 0.000000 
0.000000 0.705734 1.394716 2.051648 2.663928 3.222518 3.722349 4.162234 4.544384 4.873617 5.156450 5.400163 5.611985 5.798426 5.964787 6.114818 6.250464 6.371676 6.476217 6.559494 6.614406 6.631312 6.598168 6.500976 6.324589 6.053948 5.675664 5.179861 4.562016 3.824536 2.977741 2.040032 1.037069 0.000000 
0.000000 0.705703 1.394585 2.051285 2.663145 3.221090 3.720024 4.158754 4.539491 4.867076 5.148046 5.389716 5.599345 5.783477 5.947448 6.095038 6.228229 6.347006 6.449178 6.530204 6.583054 6.598168 6.563607 6.465488 6.288797 6.018598 5.641623 5.148080 4.533498 3.800265 2.958626 2.026830 1.030325 0.000000 
0.000000 0.698413 1.380119 2.029858 2.635058 3.186700 3.679721 4.112927 4.488514 4.811284 5.087730 5.325115 5.530655 5.710855 5.871026 6.014937 6.144579 6.259970 6.358981 6.437166 6.487626 6.500976 6.465488 6.367532 6.192358 5.925306 5.553343 5.066868 4.461489 3.739567 2.911166 1.994218 1.013716 0.000000 
0.000000 0.682150 1.347931 1.982393 2.573213 3.111556 3.592452 4.014732 4.380537 4.694573 4.963195 5.193523 5.392626 5.566886 5.721511 5.860211 5.984955 6.095790 6.190668 6.265286 6.312962 6.324589 6.288797 6.192358 6.020973 5.760416 5.398061 4.924594 4.335772 3.633885 2.828712 1.937643 0.984930 0.000000 
0.000000 0.655212 1.294661 1.903946 2.471203 2.987914 3.449295 3.854208 4.204718 4.505345 4.762215 4.982177 5.172046 5.337968 5.484971 5.616637 5.734878 5.839764 5.929354 5.999553 6.043980 6.053948 6.018598 5.925306 5.760416 5.510361 5.163083 4.709710 4.146188 3.474726 2.704652 1.852584 0.941668 0.000000 
0.000000 0.616091 1.217327 1.790139 2.323342 2.808911 3.242327 3.622521 3.951427 4.233306 4.473923 4.679738 4.857169 5.012016 5.149020 5.271567 5.381474 5.478822 5.561813 5.626618 5.667278 5.675664 5.641623 5.553343 5.398061 5.163083 4.837149 4.411955 3.883734 3.254543 2.533130 1.735028 0.881895 0.000000 
0.000000 0.563675 1.113736 1.637743 2.125447 2.569484 2.965717 3.313152 3.613566 3.870856 4.090307 4.277836 4.439330 4.580106 4.704515 4.815667 4.915237 5.003317 5.078275 5.136633 5.172961 5.179861 5.148080 5.066868 4.924594 4.709710 4.411955 4.023788 3.541770 2.967799 2.309831 1.582029 0.804109 0.000000 
0.000000 0.497461 0.982890 1.445294 1.875610 2.267334 2.616799 2.923132 3.187891 3.414525 3.607697 3.772641 3.914556 4.038146 4.147259 4.244650 4.331807 4.408820 4.474262 4.525079 4.556499 4.562016 4.533498 4.461489 4.335772 4.146188 3.883734 3.541770 3.117296 2.611970 2.032807 1.392248 0.707636 0.000000 
0.000000 0.417727 0.825339 1.213594 1.574877 1.903712 2.197020 2.454060 2.676145 2.866165 3.028045 3.166180 3.284945 3.388291 3.479460 3.560769 3.633475 3.697659 3.752133 3.794342 3.820291 3.824536 3.800265 3.739567 3.633885 3.474726 3.254543 2.967799 2.611970 2.188465 1.703145 1.166438 0.592854 0.000000 
0.000000 0.325643 0.643394 0.946044 1.227648 1.483937 1.712503 1.912770 2.085757 2.233723 2.359723 2.467190 2.559535 2.639844 2.710646 2.773751 2.830143 2.879890 2.922070 2.954697 2.974666 2.977741 2.958626 2.911166 2.828712 2.704652 2.533130 2.309831 2.032807 1.703145 1.325416 0.907722 0.461354 0.000000 
0.000000 0.223291 0.441168 0.648684 0.841761 1.017468 1.174155 1.311423 1.429974 1.531352 1.617658 1.691242 1.754448 1.809393 1.857811 1.900947 1.939477 1.973449 2.002233 2.024471 2.038037 2.040032 2.026830 1.994218 1.937643 1.852584 1.735028 1.582029 1.392248 1.166438 0.907722 0.621653 0.315955 0.000000 
0.000000 0.113571 0.224387 0.329932 0.428130 0.517491 0.597173 0.666975 0.727252 0.778792 0.822661 0.860057 0.892170 0.920079 0.944667 0.966566 0.986121 1.003358 1.017957 1.029227 1.036089 1.037069 1.030325 1.013716 0.984930 0.941668 0.881895 0.804109 0.707636 0.592854 0.461354 0.315955 0.160583 0.000000 
0.000000 0.000000 0.000000 0.000000 0.000000 0.000000 0.000000 0.000000 0.000000 0.000000 0.000000 0.000000 0.000000 0.000000 0.000000 0.000000 0.000000 0.000000 0.000000 0.000000 0.000000 0.000000 0.000000 0.000000 0.000000 0.000000 0.000000 0.000000 0.000000 0.000000 0.000000 0.000000 0.000000 0.000000 

0.000000 0.000000 0.000000 0.000000 0.000000 0.000000 0.000000 0.000000 0.000000 0.000000 0.000000 0.000000 0.000000 0.000000 0.000000 0.000000 0.000000 0.000000 0.000000 0.000000 0.000000 0.000000 0.000000 0.000000 0.000000 0.000000 0.000000 0.000000 0.000000 0.000000 0.000000 0.000000 0.000000 0.000000 
0.000000 0.131723 0.260683 0.384356 0.500662 0.608110 0.705863 0.793722 0.872051 0.941640 1.003559 1.058998 1.109133 1.155008 1.197450 1.236999 1.273855 1.307827 1.338286 1.364111 1.383653 1.394716 1.394585 1.380119 1.347931 1.294661 1.217327 1.113736 0.982890 0.825339 0.643394 0.441168 0.224387 0.000000 
0.000000 0.260683 0.515888 0.760612 0.990732 1.203293 1.396633 1.570363 1.725199 1.862712 1.985020 2.094486 2.193440 2.283954 2.367666 2.445651 2.518307 2.585262 2.645275 2.696136 2.734591 2.756302 2.755906 2.727200 2.663496 2.558152 2.405284 2.200553 1.941992 1.630679 1.271187 0.871632 0.443328 0.000000 
0.000000 0.384356 0.760612 1.121370 1.460537 1.773741 2.058528 2.314321 2.542182 2.744433 2.924207 3.084998 3.230253 3.363038 3.485778 3.600067 3.706503 3.804549 3.892387 3.966778 4.022938 4.054499 4.053580 4.011067 3.917127 3.762004 3.537039 3.235861 2.855569 2.397755 1.869123 1.281614 0.651848 0.000000 
0.000000 0.500662 0.990732 1.460537 1.902108 2.309730 2.680195 3.012749 3.308782 3.571333 3.804500 4.012854 4.200904 4.372662 4.531307 4.678932 4.816333 4.942833 5.056087 5.151901 5.224086 5.264384 5.262582 5.206858 5.084468 4.882751 4.590484 4.199390 3.705712 3.111499 2.425455 1.663048 0.845844 0.000000 
0.000000 0.608110 1.203293 1.773741 2.309730 2.804285 3.253492 3.656433 4.014808 4.332324 4.613990 4.865383 5.092013 5.298781 5.489577 5.666967 5.831951 5.983733 6.119502 6.234211 6.320393 6.368087 6.364960 6.296744 6.148039 5.903563 5.549743 5.076592 4.479551 3.761101 2.931736 2.010147 1.022368 0.000000 
0.000000 0.705863 1.396633 2.058528 2.680195 3.253492 3.773852 4.240207 4.654542 5.021191 5.345999 5.635486 5.896084 6.133526 6.352364 6.555615 6.744477 6.918068 7.073178 7.204008 7.301966 7.355580 7.350643 7.270707 7.098026 6.814970 6.405897 5.859274 5.169850 4.340462 3.383216 2.319642 1.179761 0.000000 
0.000000 0.793722 1.570363 2.314321 3.012749 3.656433 4.240207 4.762864 5.226654 5.636484 5.998977 6.321512 6.611379 6.875073 7.117764 7.342892 7.551852 7.743711 7.914919 8.059037 8.166499 8.224523 8.217270 8.126399 7.932109 7.614738 7.156820 6.545493 5.774873 4.848130 3.778747 2.590751 1.317621 0.000000 
0.000000 0.872051 1.725199 2.542182 3.308782 4.014808 4.654542 5.226654 5.733635 6.180923 6.575845 6.926575 7.241185 7.526876 7.789386 8.032555 8.257975 8.464686 8.648868 8.803540 8.918314 8.979285 8.969222 8.868156 8.654535 8.306938 7.806351 7.138745 6.297716 5.286691 4.120356 2.824856 1.436654 0.000000 
0.000000 0.941640 1.862712 2.744433 3.571333 4.332324 5.021191 5.636484 6.180923 6.660422 7.082963 7.457444 7.792655 8.096446 8.375082 8.632778 8.871322 9.089756 9.284046 9.446766 9.566833 9.629405 9.616067 9.505482 9.274600 8.900524 8.362907 7.646750 6.745183 5.661872 4.412497 3.025018 1.538413 0.000000 
0.000000 1.003559 1.985020 2.924207 3.804500 4.613990 5.345999 5.998977 6.575845 7.082963 7.528909 7.923248 8.275433 8.593911 8.885438 9.154583 9.403330 9.630744 9.832628 10.001192 10.124783 10.187767 10.170743 10.051214 9.804884 9.407596 8.837897 8.079951 7.126512 5.981424 4.661225 3.195385 1.625011 0.000000 
0.000000 1.058998 2.094486 3.084998 4.012854 4.865383 5.635486 6.321512 6.926575 7.457444 7.923248 8.334170 8.700277 9.030572 9.332271 9.610275 9.866766 10.100851 10.308211 10.480766 10.606384 10.668777 10.647711 10.519723 10.259457 9.841712 9.244086 8.450053 7.452036 6.254043 4.873316 3.340609 1.698813 0.000000 
0.000000 1.109133 2.193440 3.230253 4.200904 5.092013 5.896084 6.611379 7.241185 7.792655 8.275433 8.700277 9.077829 9.417612 9.727274 10.012037 10.274278 10.513159 10.724278 10.899314 11.025745 11.086727 11.061331 10.925272 10.652306 10.216337 9.594173 8.768692 7.732047 6.488373 5.055521 3.465319 1.762176 0.000000 
0.000000 1.155008 2.283954 3.363038 4.372662 5.298781 6.133526 6.875073 7.526876 8.096446 8.593911 9.030572 9.417612 9.765045 10.080931 10.370799 10.637219 10.879422 11.092947 11.269280 11.395567 11.454498 11.424547 11.280731 10.996045 10.543632 9.899619 9.046384 7.975837 6.692235 5.213938 3.573703 1.817229 0.000000 
0.000000 1.197450 2.367666 3.485778 4.531307 5.489577 6.352364 7.117764 7.789386 8.375082 8.885438 9.332271 9.727274 10.080931 10.401693 10.695389 10.964776 11.209165 11.424054 11.600773 11.726183 11.782576 11.747911 11.596600 11.300980 10.833535 10.169806 9.291731 8.191022 6.872030 5.353568 3.669190 1.865719 0.000000 
0.000000 1.236999 2.445651 3.600067 4.678932 5.666967 6.555615 7.342892 8.032555 8.632778 9.154583 9.610275 10.012037 10.370799 10.695389 10.991920 11.263338 11.509036 11.724491 11.900899 12.024882 12.078380 12.038904 11.880340 11.574447 11.093134 10.411427 9.510887 8.383046 7.032347 5.477992 3.754242 1.908898 0.000000 
0.000000 1.273855 2.518307 3.706503 4.816333 5.831951 6.744477 7.551852 8.257975 8.871322 9.403330 9.866766 10.274278 10.637219 10.964776 11.263338 11.536032 11.782341 11.997730 12.173284 12.295418 12.345767 12.301452 12.135894 11.820347 11.326217 10.628081 9.707167 8.554857 7.175671 5.589157 3.830195 1.947448 0.000000 
0.000000 1.307827 2.585262 3.804549 4.942833 5.983733 6.918068 7.743711 8.464686 9.089756 9.630744 10.100851 10.513159 10.879422 11.209165 11.509036 11.782341 12.028650 12.243428 12.417673 12.537621 12.584648 12.535537 12.363307 12.038781 11.532927 10.819940 9.880759 8.706639 7.302170 5.687203 3.897151 1.981420 0.000000 
0.000000 1.338286 2.645275 3.892387 5.056087 6.119502 7.073178 7.914919 8.648868 9.284046 9.832628 10.308211 10.724278 11.092947 11.424054 11.724491 11.997730 12.243428 12.457062 12.629564 12.747029 12.790620 12.736840 12.558385 12.225715 11.709447 10.983454 10.028450 8.835580 7.409502 5.770312 3.953866 2.010184 0.000000 
0.000000 1.364111 2.696136 3.966778 5.151901 6.234211 7.204008 8.059037 8.803540 9.446766 10.001192 10.480766 10.899314 11.269280 11.600773 11.900899 12.173284 12.417673 12.629564 12.799852 12.914533 12.954617 12.896406 12.712354 12.372664 11.847689 11.111079 10.143375 8.935657 7.492625 5.834567 3.997660 2.032379 0.000000 
0.000000 1.383653 2.734591 4.022938 5.224086 6.320393 7.301966 8.166499 8.918314 9.566833 10.124783 10.606384 11.025745 11.395567 11.726183 12.024882 12.295418 12.537621 12.747029 12.914533 13.026088 13.062631 13.000358 12.811604 12.466432 11.935070 11.191045 10.214824 8.997450 7.543660 5.873838 4.024341 2.045874 0.000000 
0.000000 1.394716 2.756302 4.054499 5.264384 6.368087 7.355580 8.224523 8.979285 9.629405 10.187767 10.668777 11.086727 11.454498 11.782576 12.078380 12.345767 12.584648 12.790620 12.954617 13.062631 13.095625 13.029831 12.837606 12.489056 11.954436 11.207317 10.228188 9.008121 7.551853 5.879767 4.028181 2.047760 0.000000 
0.000000 1.394585 2.755906 4.053580 5.262582 6.364960 7.350643 8.217270 8.969222 9.616067 10.170743 10.647711 11.061331 11.424547 11.747911 12.038904 12.301452 12.535537 12.736840 12.896406 13.000358 13.029831 12.961251 12.767218 12.418081 11.884359 11.139843 10.165211 8.951612 7.503770 5.841898 4.002029 2.034400 0.000000 
0.000000 1.380119 2.727200 4.011067 5.206858 6.296744 7.270707 8.126399 8.868156 9.505482 10.051214 10.519723 10.925272 11.280731 11.596600 11.880340 12.135894 12.363307 12.558385 12.712354 12.811604 12.837606 12.767218 12.573520 12.227402 11.699908 10.965319 10.004658 8.809266 7.383782 5.748085 3.937564 2.001571 0.000000 
0.000000 1.347931 2.663496 3.917127 5.084468 6.148039 7.098026 7.932109 8.654535 9.274600 9.804884 10.259457 10.652306 10.996045 11.300980 11.574447 11.820347 12.038781 12.225715 12.372664 12.466432 12.489056 12.418081 12.227402 11.888778 11.374137 10.658531 9.723586 8.560898 7.175007 5.585191 3.825802 1.944704 0.000000 
0.000000 1.294661 2.558152 3.762004 4.882751 5.903563 6.814970 7.614738 8.306938 8.900524 9.407596 9.841712 10.216337 10.543632 10.833535 11.093134 11.326217 11.532927 11.709447 11.847689 11.935070 11.954436 11.884359 11.699908 11.374137 10.880242 10.194435 9.299172 8.186471 6.860660 5.340178 3.657809 1.859264 0.000000 
0.000000 1.217327 2.405284 3.537039 4.590484 5.549743 6.405897 7.156820 7.806351 8.362907 8.837897 9.244086 9.594173 9.899619 10.169806 10.411427 10.628081 10.819940 10.983454 11.111079 11.191045 11.207317 11.139843 10.965319 10.658531 10.194435 9.550776 8.711182 7.668183 6.425864 5.001465 3.425672 1.741226 0.000000 
0.000000 1.113736 2.200553 3.235861 4.199390 5.076592 5.859274 6.545493 7.138745 7.646750 8.079951 8.450053 8.768692 9.046384 9.291731 9.510887 9.707167 9.880759 10.028450 10.143375 10.214824 10.228188 10.165211 10.004658 9.723586 9.299172 8.711182 7.944696 6.992950 5.859657 4.560549 3.123561 1.587635 0.000000 
0.000000 0.982890 1.941992 2.855569 3.705712 4.479551 5.169850 5.774873 6.297716 6.745183 7.126512 7.452036 7.732047 7.975837 8.191022 8.383046 8.554857 8.706639 8.835580 8.935657 8.997450 9.008121 8.951612 8.809266 8.560898 8.186471 7.668183 6.992950 6.154817 5.157083 4.013564 2.748846 1.397148 0.000000 
0.000000 0.825339 1.630679 2.397755 3.111499 3.761101 4.340462 4.848130 5.286691 5.661872 5.981424 6.254043 6.488373 6.692235 6.872030 7.032347 7.175671 7.302170 7.409502 7.492625 7.543660 7.551853 7.503770 7.383782 7.175007 6.860660 6.425864 5.859657 5.157083 4.320889 3.362672 2.302996 1.170521 0.000000 
0.000000 0.643394 1.271187 1.869123 2.425455 2.931736 3.383216 3.778747 4.120356 4.412497 4.661225 4.873316 5.055521 5.213938 5.353568 5.477992 5.589157 5.687203 5.770312 5.834567 5.873838 5.879767 5.841898 5.748085 5.585191 5.340178 5.001465 4.560549 4.013564 3.362672 2.616877 1.792189 0.910886 0.000000 
0.000000 0.441168 0.871632 1.281614 1.663048 2.010147 2.319642 2.590751 2.824856 3.025018 3.195385 3.340609 3.465319 3.573703 3.669190 3.754242 3.830195 3.897151 3.953866 3.997660 4.024341 4.028181 4.002029 3.937564 3.825802 3.657809 3.425672 3.123561 2.748846 2.302996 1.792189 1.227376 0.623813 0.000000 
0.000000 0.224387 0.443328 0.651848 0.845844 1.022368 1.179761 1.317621 1.436654 1.538413 1.625011 1.698813 1.762176 1.817229 1.865719 1.908898 1.947448 1.981420 2.010184 2.032379 2.045874 2.047760 2.034400 2.001571 1.944704 1.859264 1.741226 1.587635 1.397148 1.170521 0.910886 0.623813 0.317051 0.000000 
0.000000 0.000000 0.000000 0.000000 0.000000 0.000000 0.000000 0.000000 0.000000 0.000000 0.000000 0.000000 0.000000 0.000000 0.000000 0.000000 0.000000 0.000000 0.000000 0.000000 0.000000 0.000000 0.000000 0.000000 0.000000 0.000000 0.000000 0.000000 0.000000 0.000000 0.000000 0.000000 0.000000 0.000000 

0.000000 0.000000 0.000000 0.000000 0.000000 0.000000 0.000000 0.000000 0.000000 0.000000 0.000000 0.000000 0.000000 0.000000 0.000000 0.000000 0.000000 0.000000 0.000000 0.000000 0.000000 0.000000 0.000000 0.000000 0.000000 0.000000 0.000000 0.000000 0.000000 0.000000 0.000000 0.000000 0.000000 0.000000 
0.000000 0.194221 0.384356 0.566673 0.738097 0.896424 1.040415 1.169780 1.285052 1.387404 1.478415 1.559849 1.633443 1.700743 1.762973 1.820934 1.874925 1.924672 1.969253 2.007024 2.035565 2.051648 2.051285 2.029858 1.982393 1.903946 1.790139 1.637743 1.445294 1.213594 0.946044 0.648684 0.329932 0.000000 
0.000000 0.384356 0.760612 1.121370 1.460537 1.773741 2.058528 2.314321 2.542182 2.744433 2.924207 3.084998 3.230253 3.363038 3.485778 3.600067 3.706503 3.804549 3.892387 3.966778 4.022938 4.054499 4.053580 4.011067 3.917127 3.762004 3.537039 3.235861 2.855569 2.397755 1.869123 1.281614 0.651848 0.000000 
0.000000 0.566673 1.121370 1.653156 2.153020 2.614501 3.033970 3.410578 3.745893 4.043351 4.307585 4.543763 4.756981 4.951775 5.131738 5.299231 5.455152 5.598725 5.727289 5.836090 5.918109 5.963986 5.962146 5.899191 5.760676 5.532254 5.201205 4.758152 4.198838 3.525585 2.748260 1.884394 0.958425 0.000000 
0.000000 0.738097 1.460537 2.153020 2.803766 3.404328 3.949965 4.439565 4.875184 5.261313 5.604016 5.910048 6.186080 6.438044 6.670649 6.886994 7.088275 7.273513 7.439275 7.579412 7.684830 7.743404 7.740124 7.657627 7.477171 7.180161 6.750082 6.174785 5.448725 4.574923 3.566153 2.445161 1.243625 0.000000 
0.000000 0.896424 1.773741 2.614501 3.404328 4.132918 4.794484 5.387675 5.915001 6.381949 6.795917 7.165158 7.497811 7.801130 8.080869 8.340833 8.582518 8.804775 9.003490 9.171259 9.297118 9.366432 9.361090 9.260116 9.040889 8.680935 8.160318 7.464337 6.586306 5.529843 4.310387 2.955386 1.503113 0.000000 
0.000000 1.040415 2.058528 3.033970 3.949965 4.794484 5.560780 6.247275 6.856906 7.396079 7.873436 8.298612 8.681117 9.029425 9.350273 9.648133 9.924793 10.178984 10.406004 10.597349 10.740401 10.818313 10.810208 10.691924 10.437372 10.020655 9.418767 8.614768 7.600914 6.381388 4.973956 3.410272 1.734440 0.000000 
0.000000 1.169780 2.314321 3.410578 4.439565 5.387675 6.247275 7.016585 7.698932 8.301571 8.834285 9.307983 9.733435 10.120245 10.476058 10.805973 11.112072 11.393008 11.643588 11.854364 12.011293 12.095598 12.084014 11.949585 11.663225 11.196023 10.522325 9.623200 8.490017 7.127405 5.555190 3.808659 1.937023 0.000000 
0.000000 1.285052 2.542182 3.745893 4.875184 5.915001 6.856906 7.698932 8.444767 9.102440 9.682781 10.197866 10.659622 11.078688 11.463552 11.819899 12.150105 12.452786 12.722352 12.948562 13.116162 13.204734 13.188959 13.039506 12.724694 12.213055 11.476630 10.494810 9.258159 7.771724 6.057058 4.152593 2.111895 0.000000 
0.000000 1.387404 2.744433 4.043351 5.261313 6.381949 7.396079 8.301571 9.102440 9.807426 10.428318 10.978259 11.470234 11.915839 12.324338 12.701967 13.051395 13.371238 13.655595 13.893571 14.068898 14.159772 14.139149 13.975671 13.635482 13.084920 12.294095 11.240944 9.915379 8.322760 6.486136 4.446572 2.261351 0.000000 
0.000000 1.478415 2.924207 4.307585 5.604016 6.795917 7.873436 8.834285 9.682781 10.428318 11.083562 11.662638 12.179507 12.646644 13.074034 13.468436 13.832804 14.165793 14.461261 14.707783 14.888247 14.979698 14.953631 14.777002 14.414106 13.829454 12.991505 11.876997 10.475258 8.791940 6.851322 4.696710 2.388495 0.000000 
0.000000 1.559849 3.084998 4.543763 5.910048 7.165158 8.298612 9.307983 10.197866 10.978259 11.662638 12.266038 12.803321 13.287778 13.730071 14.137449 14.513157 14.855911 15.159393 15.411747 15.595165 15.685726 15.653713 15.464651 15.081295 14.466605 13.587669 12.420187 10.953026 9.192053 7.162604 4.909851 2.496813 0.000000 
0.000000 1.633443 3.230253 4.756981 6.186080 7.497811 8.681117 9.733435 10.659622 11.470234 12.179507 12.803321 13.357379 13.855740 14.309699 14.726977 15.111102 15.460877 15.769857 16.025839 16.210436 16.298918 16.260542 16.059635 15.657638 15.016212 14.101271 12.887657 11.363821 9.535836 7.429911 5.092812 2.589771 0.000000 
0.000000 1.700743 3.363038 4.951775 6.438044 7.801130 9.029425 10.120245 11.078688 11.915839 12.646644 13.287778 13.855740 14.365310 14.828385 15.253139 15.643383 15.998020 16.310520 16.568395 16.752775 16.838243 16.793184 16.580899 16.161716 15.496173 14.549196 13.294879 11.721333 9.834792 7.662227 5.251753 2.670506 0.000000 
0.000000 1.762973 3.485778 5.131738 6.670649 8.080869 9.350273 10.476058 11.463552 12.324338 13.074034 13.730071 14.309699 14.828385 15.298603 15.728961 16.123548 16.481383 16.795879 17.054315 17.237409 17.319155 17.267185 17.043914 16.608704 15.921131 14.945252 13.654528 12.036767 10.098354 7.866910 5.391729 2.741588 0.000000 
0.000000 1.820934 3.600067 5.299231 6.886994 8.340833 9.648133 10.805973 11.819899 12.701967 13.468436 14.137449 14.726977 15.253139 15.728961 16.163469 16.561028 16.920781 17.236103 17.494083 17.675084 17.752589 17.693572 17.459675 17.009415 16.301523 15.299306 13.975664 12.318149 10.333274 8.049238 5.516361 2.804862 0.000000 
0.000000 1.874925 3.706503 5.455152 7.088275 8.582518 9.924793 11.112072 12.150105 13.051395 13.832804 14.513157 15.111102 15.643383 16.123548 16.561028 16.960457 17.321103 17.636327 17.893058 18.071352 18.144247 18.078143 17.834004 17.369606 16.642943 15.616664 14.263182 12.569825 10.543223 8.212080 5.627623 2.861332 0.000000 
0.000000 1.924672 3.804549 5.598725 7.273513 8.804775 10.178984 11.393008 12.452786 13.371238 14.165793 14.855911 15.460877 15.998020 16.481383 16.920781 17.321103 17.681748 17.996080 18.250893 18.425989 18.494022 18.420897 18.166993 17.689449 16.945624 15.897600 14.517373 12.792082 10.728460 8.355653 5.725669 2.911080 0.000000 
0.000000 1.969253 3.892387 5.727289 7.439275 9.003490 10.406004 11.643588 12.722352 13.655595 14.461261 15.159393 15.769857 16.310520 16.795879 17.236103 17.636327 17.996080 18.308738 18.561002 18.732465 18.795469 18.715516 18.452501 17.963043 17.203975 16.136921 14.733535 12.980806 10.885555 8.477296 5.808681 2.953181 0.000000 
0.000000 2.007024 3.966778 5.836090 7.579412 9.171259 10.597349 11.854364 12.948562 13.893571 14.707783 15.411747 16.025839 16.568395 17.054315 17.494083 17.893058 18.250893 18.561002 18.810027 18.977418 19.035295 18.948860 18.677663 18.177937 17.406141 16.323557 14.901604 13.127157 11.007117 8.571262 5.872728 2.985640 0.000000 
0.000000 2.035565 4.022938 5.918109 7.684830 9.297118 10.740401 12.011293 13.116162 14.068898 14.888247 15.595165 16.210436 16.752775 17.237409 17.675084 18.071352 18.425989 18.732465 18.977418 19.140240 19.192939 19.100571 18.822502 18.314774 17.533647 16.440244 15.005855 13.217321 11.081577 8.628561 5.911653 3.005329 0.000000 
0.000000 2.051648 4.054499 5.963986 7.743404 9.366432 10.818313 12.095598 13.204734 14.159772 14.979698 15.685726 16.298918 16.838243 17.319155 17.752589 18.144247 18.494022 18.795469 19.035295 19.192939 19.240458 19.142947 18.859825 18.347177 17.561325 16.463434 15.024853 13.232442 11.093160 8.636917 5.917058 3.007977 0.000000 
0.000000 2.051285 4.053580 5.962146 7.740124 9.361090 10.810208 12.084014 13.188959 14.139149 14.953631 15.653713 16.260542 16.793184 17.267185 17.693572 18.078143 18.420897 18.715516 18.948860 19.100571 19.142947 19.041388 18.755644 18.242186 17.457698 16.363700 14.931783 13.148958 11.022129 8.580988 5.878432 2.988249 0.000000 
0.000000 2.029858 4.011067 5.899191 7.657627 9.260116 10.691924 11.949585 13.039506 13.975671 14.777002 15.464651 16.059635 16.580899 17.043914 17.459675 17.834004 18.166993 18.452501 18.677663 18.822502 18.859825 18.755644 18.470443 17.961459 17.186178 16.106806 14.695484 12.939456 10.845551 8.442928 5.783570 2.939938 0.000000 
0.000000 1.982393 3.917127 5.760676 7.477171 9.040889 10.437372 11.663225 12.724694 13.635482 14.414106 15.081295 15.657638 16.161716 16.608704 17.009415 17.369606 17.689449 17.963043 18.177937 18.314774 18.347177 18.242186 17.961459 17.463537 16.707174 15.655749 14.282238 12.574320 10.538617 8.203461 5.619266 2.856340 0.000000 
0.000000 1.903946 3.762004 5.532254 7.180161 8.680935 10.020655 11.196023 12.213055 13.084920 13.829454 14.466605 15.016212 15.496173 15.921131 16.301523 16.642943 16.945624 17.203975 17.406141 17.533647 17.561325 17.457698 17.186178 16.707174 15.981344 14.973721 13.658559 12.024093 10.076701 7.843419 5.372415 2.730790 0.000000 
